[gd_scene load_steps=5 format=3 uid="uid://cqy03psyk5hxk"]

[ext_resource type="PackedScene" uid="uid://ctbtibm62ah5r" path="res://player.tscn" id="1_0hvgr"]
[ext_resource type="PackedScene" uid="uid://cxnjctwn4buaa" path="res://level_objects/world_environment.tscn" id="1_y2gh3"]
[ext_resource type="PackedScene" uid="uid://cv04t5egume5d" path="res://level_objects/wind_zone.tscn" id="2_rnmxq"]
[ext_resource type="Material" uid="uid://2xwr7vbhlpoi" path="res://materials/tree_standard_material_3d.tres" id="4_ls870"]

[node name="Nest" type="Node3D"]

[node name="WorldEnvironment" parent="." instance=ExtResource("1_y2gh3")]

[node name="Player" parent="." instance=ExtResource("1_0hvgr")]
transform = Transform3D(1.00116, 0, 0, 0, 1.00116, 0, 0, 0, 1.00116, 0.219, 0.451, 0)

[node name="Nest" type="CSGCombiner3D" parent="."]
transform = Transform3D(1, 0, 0, 0, 1, 0, 0, 0, 1, 0, -0.452881, 0)
use_collision = true

[node name="CSGTorus3D" type="CSGTorus3D" parent="Nest"]
transform = Transform3D(1, 0, 0, 0, 1.48448, 0, 0, 0, 0.710719, 0.103087, 0.244682, -0.0473967)
inner_radius = 1.90636
outer_radius = 2.48169
sides = 12
ring_sides = 5

[node name="CSGTorus3D2" type="CSGTorus3D" parent="Nest"]
transform = Transform3D(1, 0, 0, 0, 1.01216, 0, 0, 0, 0.710719, 0.103087, 0.689939, -0.0473967)
inner_radius = 2.24142
outer_radius = 2.90081
sides = 12
ring_sides = 5

[node name="CSGCylinder3D" type="CSGCylinder3D" parent="Nest"]
transform = Transform3D(1, 0, 0, 0, 1, 0, 0, 0, 0.728004, 0, 0.0353775, 0)
radius = 2.05267
height = 0.373051
sides = 12

[node name="Nest2" type="CSGCombiner3D" parent="."]
transform = Transform3D(1.00988, 0, 0, 0, 1.00988, 0, 0, 0, 1.00988, -11.8555, -19.0896, 9.53674e-07)
use_collision = true

[node name="CSGTorus3D" type="CSGTorus3D" parent="Nest2"]
transform = Transform3D(1, 0, 0, 0, 1.48448, 0, 0, 0, 0.710719, 0.103087, 0.244682, -0.0473967)
inner_radius = 1.90636
outer_radius = 2.48169
sides = 12
ring_sides = 5

[node name="CSGTorus3D3" type="CSGTorus3D" parent="Nest2"]
transform = Transform3D(1, 0, 0, 0, 1.48448, 0, 0, 0, 0.710719, 0.103087, -0.257935, -0.0473967)
inner_radius = 1.90636
outer_radius = 2.26314
sides = 12
ring_sides = 5

[node name="CSGTorus3D2" type="CSGTorus3D" parent="Nest2"]
transform = Transform3D(1, 0, 0, 0, 1.01216, 0, 0, 0, 0.710719, 0.103087, 0.689939, -0.0473967)
inner_radius = 2.24142
outer_radius = 2.90081
sides = 12
ring_sides = 5

[node name="CSGCylinder3D" type="CSGCylinder3D" parent="Nest2"]
transform = Transform3D(1.01119, 0, 0, 0, 1.01119, 0, 0, 0, 0.750046, 0, 0, 0)
radius = 2.06392
height = 0.28738
sides = 12

[node name="Nest4" type="CSGCombiner3D" parent="."]
transform = Transform3D(0.625785, 0, 0, 0, 0.787633, 0, 0, 0, 0.789174, 7.11255, 3.95176, 1.29053)
use_collision = true

[node name="CSGTorus3D" type="CSGTorus3D" parent="Nest4"]
transform = Transform3D(1, 0, 0, 0, 1.48448, 0, 0, 0, 0.710719, 0.103087, 0.244682, -0.0473967)
inner_radius = 1.90636
outer_radius = 2.48169
sides = 12
ring_sides = 5

[node name="CSGTorus3D3" type="CSGTorus3D" parent="Nest4"]
transform = Transform3D(1, 0, 0, 0, 1.48448, 0, 0, 0, 0.710719, 0.103087, -0.257935, -0.0473967)
inner_radius = 1.90636
outer_radius = 2.26314
sides = 12
ring_sides = 5

[node name="CSGTorus3D2" type="CSGTorus3D" parent="Nest4"]
transform = Transform3D(1, 0, 0, 0, 1.01216, 0, 0, 0, 0.710719, 0.103087, 0.689939, -0.0473967)
inner_radius = 2.24142
outer_radius = 2.90081
sides = 12
ring_sides = 5

[node name="CSGCylinder3D" type="CSGCylinder3D" parent="Nest4"]
transform = Transform3D(1.01119, 0, 0, 0, 1.01119, 0, 0, 0, 0.750045, 0, -0.299119, 0)
radius = 2.06392
height = 0.28738
sides = 12

[node name="Wind" parent="." instance=ExtResource("2_rnmxq")]
transform = Transform3D(1, 0, 0, 0, 1, 0, 0, 0, 1, -0.035656, -3.68311, -0.00619316)
wind = Vector3(-70, 0, 0)

[node name="Wind3" parent="." instance=ExtResource("2_rnmxq")]
transform = Transform3D(-1, 0, -8.74228e-08, 0, 1, 0, 8.74227e-08, 0, -1, 2.56042, -21.8862, -0.00619316)
wind = Vector3(45, 0, 0)

[node name="Tree" type="CSGCombiner3D" parent="."]
transform = Transform3D(1, 0, 0, 0, 1, 0, 0, 0, 1, -33.3753, -0.0133848, 0)
material_override = ExtResource("4_ls870")
use_collision = true

[node name="CSGCylinder3D2" type="CSGCylinder3D" parent="Tree"]
transform = Transform3D(0.18366, 0.98299, 0, -0.98299, 0.18366, 0, 0, 0, 1, 16.7973, -19.5705, 0)
radius = 0.349963
height = 2.16165

[node name="CSGCylinder3D3" type="CSGCylinder3D" parent="Tree"]
transform = Transform3D(-0.0290731, 0.999577, 0, -0.999577, -0.0290731, 0, 0, 0, 1, 18.789, -19.4081, 0)
radius = 0.349963
height = 2.16165

[node name="CSGCylinder3D4" type="CSGCylinder3D" parent="Tree"]
transform = Transform3D(-0.0501746, 0.99874, 0, -0.99874, -0.0501746, 0, 0, 0, 1, 21.4948, -19.5168, 0)
radius = 0.349963
height = 4.19342

[node name="CSGCylinder3D" type="CSGCylinder3D" parent="Tree"]
transform = Transform3D(1, 0, 0, 0, 1, 0, 0, 0, 1, 13.35, -17.5542, 0)
radius = 2.65219
height = 96.3721

[node name="Gap" type="CSGBox3D" parent="Tree"]
transform = Transform3D(1, 0, 0, 0, 1, 0, 0, 0, 1, 13.4119, -60.8132, -0.139234)
operation = 2
size = Vector3(6.22192, 2.54883, 1.86949)

[node name="CSGCylinder3D5" type="CSGCylinder3D" parent="Tree"]
transform = Transform3D(-0.0519351, -0.99865, 0, 0.99865, -0.0519351, 0, 0, 0, 1, 1.27966, -63.2777, 0)
height = 19.8189

[node name="Tree2" type="CSGCombiner3D" parent="."]
transform = Transform3D(1, 0, 0, 0, 1, 0, 0, 0, 1, 7.67837, -19.9599, 0)
material_override = ExtResource("4_ls870")
use_collision = true

[node name="CSGCylinder3D2" type="CSGCylinder3D" parent="Tree2"]
transform = Transform3D(-0.1993, 0.979939, 0, -0.979939, -0.1993, 0, 0, 0, 1, 9.81838, -19.5842, 0.00268555)
radius = 0.349963
height = 2.16165

[node name="CSGCylinder3D3" type="CSGCylinder3D" parent="Tree2"]
transform = Transform3D(-0.0290731, 0.999577, 0, -0.999577, -0.0290731, 0, 0, 0, 1, 8.34358, -19.4475, 0.00268555)
radius = 0.349963
height = 2.16165

[node name="CSGCylinder3D4" type="CSGCylinder3D" parent="Tree2"]
transform = Transform3D(0.399645, 0.91667, 0, -0.91667, 0.399645, 0, 0, 0, 1, 5.52907, -20.2583, 0.00268555)
radius = 0.349963
height = 4.19342

[node name="CSGCylinder3D" type="CSGCylinder3D" parent="Tree2"]
transform = Transform3D(1, 0, 0, 0, 1, 0, 0, 0, 1, 13.35, -5.45971, 0)
radius = 2.65219
height = 64.1438

[node name="Tree3" type="CSGCombiner3D" parent="."]
transform = Transform3D(0.5, 0, 0.866025, 0, 1, 0, -0.866025, 0, 0.5, -1.13791, 20.102, 1.76621)
material_override = ExtResource("4_ls870")
use_collision = true

[node name="CSGCylinder3D2" type="CSGCylinder3D" parent="Tree3"]
transform = Transform3D(-0.1993, 0.979939, 0, -0.979939, -0.1993, 0, 0, 0, 1, 9.81838, -19.5842, 0.00268555)
radius = 0.349963
height = 2.16165

[node name="CSGCylinder3D5" type="CSGCylinder3D" parent="Tree3"]
transform = Transform3D(-0.116491, 0.572779, 0.81139, -0.979939, -0.1993, 7.075e-09, 0.16171, -0.795113, 0.584505, 10.9617, -19.6275, 2.4949)
radius = 0.349963
height = 2.16165

[node name="CSGCylinder3D6" type="CSGCylinder3D" parent="Tree3"]
transform = Transform3D(-0.355168, 0.489808, 0.796206, -0.885522, -0.449183, -0.118683, 0.29951, -0.74721, 0.593271, 9.83306, -18.9194, 4.13611)
radius = 0.349963
height = 2.16165

[node name="CSGCylinder3D7" type="CSGCylinder3D" parent="Tree3"]
transform = Transform3D(-0.428297, 0.690257, 0.583187, -0.885522, -0.449183, -0.118683, 0.180036, -0.567256, 0.803621, 8.23977, -17.7888, 5.81395)
radius = 0.271227
height = 3.28793

[node name="CSGCylinder3D8" type="CSGCylinder3D" parent="Tree3"]
transform = Transform3D(-0.315604, 0.946091, -0.072835, -0.922871, -0.323896, -0.20833, -0.22069, 0.00146767, 0.975343, 6.0425, -16.7004, 6.77215)
radius = 0.271227
height = 2.55533

[node name="CSGCylinder3D3" type="CSGCylinder3D" parent="Tree3"]
transform = Transform3D(-0.0290731, 0.999577, 0, -0.999577, -0.0290731, 0, 0, 0, 1, 8.34358, -19.4475, 0.00268555)
radius = 0.349963
height = 2.16165

[node name="CSGCylinder3D4" type="CSGCylinder3D" parent="Tree3"]
transform = Transform3D(0.399645, 0.91667, 0, -0.91667, 0.399645, 0, 0, 0, 1, 5.52907, -20.2583, 0.00268555)
radius = 0.349963
height = 4.19342

[node name="CSGCylinder3D9" type="CSGCylinder3D" parent="Tree3"]
transform = Transform3D(-0.0912356, 0.993166, 0.0727787, -0.954649, -0.108028, 0.277444, 0.28341, -0.0441651, 0.957981, 2.77527, -20.9802, -0.002876)
radius = 0.290156
height = 1.94507

[node name="CSGCylinder3D10" type="CSGCylinder3D" parent="Tree3"]
transform = Transform3D(-0.213353, -0.976084, -0.0417158, -0.970067, 0.21672, -0.109557, 0.115977, 0.0170927, -0.993105, 1.31075, -20.789, 0.0547314)
radius = 0.290156
height = 0.959055
cone = true

[node name="CSGCylinder3D" type="CSGCylinder3D" parent="Tree3"]
transform = Transform3D(1, 0, 0, 0, 1, 0, 0, 0, 1, 11.5607, -5.45971, 0.135462)
radius = 1.94507
height = 64.1438

[node name="House" type="CSGCombiner3D" parent="."]
transform = Transform3D(0.556185, 0, 0, 0, 0.636138, 0, 0, 0, 1, 4.65255, -49.5706, 0)
use_collision = true

[node name="CSGBox3D" type="CSGBox3D" parent="House"]
transform = Transform3D(0.834117, -0.551588, 0, 0.551588, 0.834117, 0, 0, 0, 1, -5.4244, 8.73037, -2.19922)
size = Vector3(13.3663, 1, 6.36719)

[node name="CSGBox3D3" type="CSGBox3D" parent="House"]
transform = Transform3D(0.998723, -0.0496873, 0.00908868, 0.0496836, 0.998765, 0.000630123, -0.00910876, -0.00017776, 0.999959, 1.28674, -0.664027, -2.22145)
size = Vector3(20.7238, 14.9744, 5.72461)

[node name="CSGBox3D2" type="CSGBox3D" parent="House"]
transform = Transform3D(0.917248, 0.398317, 0, -0.398317, 0.917248, 0, 0, 0, 1, 5.77961, 9.73656, -2.18909)
size = Vector3(13.3068, 1, 6.38452)

[node name="Ramp" type="CSGCombiner3D" parent="."]
transform = Transform3D(0.549436, -0.0988011, 0, 0.0863832, 0.628419, 0, 0, 0, 1, 10.9819, -59.0689, 0)
use_collision = true

[node name="CSGBox3D" type="CSGBox3D" parent="Ramp"]
transform = Transform3D(1, 0, 0, 0, 1, 0, 0, 0, 1, -19.0639, 0.347504, -0.00119209)
size = Vector3(66.2353, 1, 1)

[node name="CSGBox3D2" type="CSGBox3D" parent="Ramp"]
transform = Transform3D(1, 0, 0, 0, 1, 0, 0, 0, 1, -19.0901, 0.7901, 0.710651)
size = Vector3(66.2878, 0.59668, 0.44104)

[node name="CSGBox3D3" type="CSGBox3D" parent="Ramp"]
transform = Transform3D(1, 0, 0, 0, 1, 0, 0, 0, 1, -18.9095, 0.790108, -0.720467)
size = Vector3(65.9266, 0.59668, 0.44104)

[node name="Tunnel Wind" type="Node3D" parent="."]

[node name="Wind2" parent="Tunnel Wind" instance=ExtResource("2_rnmxq")]
transform = Transform3D(0.223761, 0, 0, 0, 0.223761, 0, 0, 0, 0.223762, -20.3766, -61.4186, -0.00619316)

[node name="Wind4" parent="Tunnel Wind" instance=ExtResource("2_rnmxq")]
transform = Transform3D(0.223761, 0, 0, 0, 0.223761, 0, 0, 0, 0.223762, -20.3766, -60.1106, -0.00619316)
